0 0.5 0.41947115384615385 1 0.8365384615384616
0 0.5769230769230769 0.3425480769230769 0.1201923076923077 0.1935096153846154
0 0.828125 0.3473557692307692 0.17908653846153846 0.2860576923076923
0 0.38341346153846156 0.4266826923076923 0.09254807692307693 0.32091346153846156
0 0.2980769230769231 0.4050480769230769 0.1201923076923077 0.39783653846153844
0 0.18870192307692307 0.4579326923076923 0.09375 0.2824519230769231
0 0.15384615384615385 0.7872596153846154 0.0625 0.21033653846153846
0 0.22956730769230768 0.7860576923076923 0.0625 0.21875
0 0.2800480769230769 0.8317307692307693 0.06009615384615385 0.13221153846153846
0 0.33052884615384615 0.8185096153846154 0.06850961538461539 0.1622596153846154
0 0.3629807692307692 0.78125 0.054086538461538464 0.2127403846153846
0 0.02403846153846154 0.7908653846153846 0.04447115384615385 0.19951923076923078
