0 0.7331730769230769 0.5096153846153846 0.5324519230769231 0.16947115384615385
0 0.3161057692307692 0.6045673076923077 0.484375 0.2620192307692308
0 0.2932692307692308 0.4579326923076923 0.43990384615384615 0.12379807692307693
0 0.25841346153846156 0.39663461538461536 0.3737980769230769 0.07932692307692307
0 0.6466346153846154 0.3918269230769231 0.32091346153846156 0.08653846153846154
0 0.6201923076923077 0.34615384615384615 0.18629807692307693 0.06490384615384616
0 0.5576923076923077 0.3245192307692308 0.31009615384615385 0.06610576923076923
0 0.27163461538461536 0.34134615384615385 0.30649038461538464 0.056490384615384616
0 0.2091346153846154 0.8569711538461539 0.06971153846153846 0.1622596153846154
0 0.2608173076923077 0.8173076923076923 0.0673076923076923 0.140625
0 0.6514423076923077 0.7103365384615384 0.04927884615384615 0.12139423076923077
