0 0.9603365384615384 0.6418269230769231 0.078125 0.19951923076923078
0 0.7944711538461539 0.6334134615384616 0.06850961538461539 0.16826923076923078
0 0.6778846153846154 0.6694711538461539 0.06129807692307692 0.18389423076923078
0 0.7199519230769231 0.5 0.052884615384615384 0.109375
0 0.38822115384615385 0.6646634615384616 0.06370192307692307 0.2548076923076923
0 0.3125 0.6682692307692307 0.06610576923076923 0.27884615384615385
0 0.04807692307692308 0.6658653846153846 0.09495192307692307 0.2692307692307692
0 0.3473557692307692 0.578125 0.4807692307692308 0.3293269230769231
0 0.4987980769230769 0.27403846153846156 0.9975961538461539 0.5480769230769231
0 0.15865384615384615 0.5252403846153846 0.09735576923076923 0.08774038461538461
