0 0.7115384615384616 0.38461538461538464 0.5769230769230769 0.18990384615384615
0 0.9495192307692307 0.5973557692307693 0.09975961538461539 0.41586538461538464
0 0.734375 0.6105769230769231 0.12980769230769232 0.41586538461538464
0 0.6057692307692307 0.6730769230769231 0.10697115384615384 0.4579326923076923
0 0.4723557692307692 0.6225961538461539 0.10576923076923077 0.44350961538461536
0 0.4735576923076923 0.4098557692307692 0.0733173076923077 0.1310096153846154
0 0.28846153846153844 0.6442307692307693 0.12620192307692307 0.4579326923076923
0 0.09254807692307693 0.6682692307692307 0.17307692307692307 0.453125
0 0.171875 0.5733173076923077 0.0625 0.25240384615384615
0 0.5132211538461539 0.5168269230769231 0.6009615384615384 0.29927884615384615
