0 0.4987980769230769 0.421875 0.9963942307692307 0.78125
0 0.5024038461538461 0.6394230769230769 0.026442307692307692 0.08774038461538461
0 0.515625 0.6370192307692307 0.03485576923076923 0.08533653846153846
0 0.6478365384615384 0.6454326923076923 0.027644230769230768 0.08774038461538461
0 0.6274038461538461 0.6442307692307693 0.02283653846153846 0.10216346153846154
0 0.6694711538461539 0.6478365384615384 0.019230769230769232 0.08653846153846154
0 0.6899038461538461 0.6442307692307693 0.019230769230769232 0.0889423076923077
0 0.71875 0.6454326923076923 0.018028846153846152 0.08653846153846154
0 0.7415865384615384 0.6454326923076923 0.025240384615384616 0.08173076923076923
0 0.7728365384615384 0.6382211538461539 0.028846153846153848 0.08533653846153846
0 0.7992788461538461 0.640625 0.026442307692307692 0.08173076923076923
0 0.828125 0.6370192307692307 0.014423076923076924 0.08052884615384616
0 0.609375 0.6514423076923077 0.015625 0.08533653846153846
0 0.5444711538461539 0.6418269230769231 0.016826923076923076 0.078125
0 0.5612980769230769 0.6502403846153846 0.019230769230769232 0.09254807692307693
0 0.59375 0.6454326923076923 0.02403846153846154 0.09495192307692307
