0 0.47475961538461536 0.46274038461538464 0.8185096153846154 0.4230769230769231
0 0.078125 0.7307692307692307 0.15504807692307693 0.09735576923076923
0 0.28125 0.7319711538461539 0.125 0.08173076923076923
0 0.375 0.7331730769230769 0.10576923076923077 0.07932692307692307
0 0.4795673076923077 0.7319711538461539 0.08052884615384616 0.08052884615384616
0 0.5793269230769231 0.7415865384615384 0.09975961538461539 0.07211538461538461
0 0.7007211538461539 0.734375 0.09254807692307693 0.09134615384615384
0 0.7860576923076923 0.7403846153846154 0.07451923076923077 0.07451923076923077
0 0.8653846153846154 0.7367788461538461 0.10096153846153846 0.0733173076923077
0 0.9543269230769231 0.7355769230769231 0.07932692307692307 0.07451923076923077
