0 0.6658653846153846 0.47716346153846156 0.6682692307692307 0.39302884615384615
0 0.5240384615384616 0.5432692307692307 0.06850961538461539 0.22596153846153846
0 0.453125 0.5408653846153846 0.04326923076923077 0.22596153846153846
0 0.49038461538461536 0.5480769230769231 0.028846153846153848 0.22235576923076922
0 0.3605769230769231 0.5408653846153846 0.056490384615384616 0.2439903846153846
0 0.4050480769230769 0.5540865384615384 0.051682692307692304 0.203125
0 0.28125 0.5492788461538461 0.052884615384615384 0.22596153846153846
0 0.2439903846153846 0.5528846153846154 0.05048076923076923 0.21875
0 0.20552884615384615 0.5408653846153846 0.056490384615384616 0.23677884615384615
0 0.09975961538461539 0.5180288461538461 0.16826923076923078 0.12620192307692307
