0 0.5 0.4110576923076923 1 0.8221153846153846
0 0.30288461538461536 0.6274038461538461 0.10697115384615384 0.4326923076923077
0 0.39783653846153844 0.6165865384615384 0.09735576923076923 0.4375
0 0.48677884615384615 0.6165865384615384 0.11778846153846154 0.44711538461538464
0 0.5973557692307693 0.6009615384615384 0.109375 0.453125
0 0.8461538461538461 0.6129807692307693 0.10096153846153846 0.47716346153846156
0 0.9567307692307693 0.6033653846153846 0.08653846153846154 0.5336538461538461
0 0.04927884615384615 0.6538461538461539 0.08653846153846154 0.43990384615384615
0 0.12259615384615384 0.6225961538461539 0.10096153846153846 0.44471153846153844
0 0.1971153846153846 0.6298076923076923 0.08653846153846154 0.4266826923076923
0 0.7007211538461539 0.5925480769230769 0.11899038461538461 0.48197115384615385
