0 0.6923076923076923 0.3786057692307692 0.036057692307692304 0.08653846153846154
0 0.7692307692307693 0.5456730769230769 0.0985576923076923 0.4338942307692308
0 0.6826923076923077 0.4639423076923077 0.08653846153846154 0.20192307692307693
0 0.6165865384615384 0.36899038461538464 0.052884615384615384 0.08052884615384616
0 0.6045673076923077 0.42788461538461536 0.07091346153846154 0.20432692307692307
0 0.5204326923076923 0.4387019230769231 0.09735576923076923 0.17668269230769232
0 0.5877403846153846 0.6225961538461539 0.057692307692307696 0.18870192307692307
0 0.6550480769230769 0.6634615384615384 0.13221153846153846 0.2956730769230769
0 0.5012019230769231 0.6766826923076923 0.11778846153846154 0.2776442307692308
0 0.2548076923076923 0.6550480769230769 0.09375 0.27163461538461536
0 0.43028846153846156 0.5733173076923077 0.09735576923076923 0.46153846153846156
0 0.3473557692307692 0.5817307692307693 0.07451923076923077 0.45072115384615385
0 0.25961538461538464 0.5336538461538461 0.12379807692307693 0.4651442307692308
0 0.9387019230769231 0.3233173076923077 0.12259615384615384 0.3701923076923077
0 0.6045673076923077 0.21634615384615385 0.5961538461538461 0.4326923076923077
