0 0.5108173076923077 0.38822115384615385 0.9783653846153846 0.3870192307692308
0 0.9230769230769231 0.765625 0.13341346153846154 0.46875
0 0.7379807692307693 0.7019230769230769 0.12259615384615384 0.4699519230769231
0 0.8221153846153846 0.7536057692307693 0.07572115384615384 0.4639423076923077
0 0.6310096153846154 0.6394230769230769 0.057692307692307696 0.29086538461538464
0 0.5925480769230769 0.6033653846153846 0.03365384615384615 0.22716346153846154
0 0.5552884615384616 0.6045673076923077 0.052884615384615384 0.19831730769230768
0 0.5048076923076923 0.5997596153846154 0.05048076923076923 0.22355769230769232
0 0.44711538461538464 0.5817307692307693 0.039663461538461536 0.18269230769230768
0 0.19110576923076922 0.5576923076923077 0.042067307692307696 0.12139423076923077
0 0.7055288461538461 0.5997596153846154 0.057692307692307696 0.21514423076923078
0 0.5084134615384616 0.6430288461538461 0.004807692307692308 0.003605769230769231
