0 0.4735576923076923 0.4423076923076923 0.9435096153846154 0.4795673076923077
0 0.9663461538461539 0.5420673076923077 0.052884615384615384 0.23557692307692307
0 0.9242788461538461 0.5396634615384616 0.04807692307692308 0.23677884615384615
0 0.828125 0.5492788461538461 0.06129807692307692 0.23197115384615385
0 0.1201923076923077 0.5564903846153846 0.04807692307692308 0.24879807692307693
0 0.09615384615384616 0.546875 0.030048076923076924 0.25240384615384615
0 0.15985576923076922 0.5600961538461539 0.051682692307692304 0.21514423076923078
0 0.19471153846153846 0.5372596153846154 0.042067307692307696 0.2512019230769231
0 0.8822115384615384 0.5348557692307693 0.04567307692307692 0.21153846153846154
0 0.7584134615384616 0.5600961538461539 0.07572115384615384 0.20192307692307693
