0 0.8329326923076923 0.6526442307692307 0.16346153846153846 0.6298076923076923
0 0.7752403846153846 0.6237980769230769 0.056490384615384616 0.5276442307692307
0 0.7536057692307693 0.5516826923076923 0.054086538461538464 0.41466346153846156
0 0.7019230769230769 0.5913461538461539 0.07932692307692307 0.4675480769230769
0 0.6274038461538461 0.5504807692307693 0.08413461538461539 0.3798076923076923
0 0.5300480769230769 0.53125 0.10096153846153846 0.3245192307692308
0 0.4375 0.5240384615384616 0.09735576923076923 0.3557692307692308
0 0.375 0.7175480769230769 0.13581730769230768 0.3473557692307692
0 0.3293269230769231 0.5 0.09495192307692307 0.2548076923076923
0 0.23557692307692307 0.5588942307692307 0.10096153846153846 0.33653846153846156
0 0.14543269230769232 0.5769230769230769 0.1201923076923077 0.4026442307692308
0 0.056490384615384616 0.6586538461538461 0.11298076923076923 0.6826923076923077
0 0.10336538461538461 0.7127403846153846 0.09014423076923077 0.5745192307692307
0 0.5012019230769231 0.32091346153846156 0.9963942307692307 0.47716346153846156
