0 0.5492788461538461 0.4951923076923077 0.9014423076923077 0.6201923076923077
0 0.025240384615384616 0.6526442307692307 0.037259615384615384 0.18629807692307693
0 0.055288461538461536 0.6442307692307693 0.015625 0.15745192307692307
0 0.08173076923076923 0.6550480769230769 0.016826923076923076 0.16105769230769232
0 0.10817307692307693 0.6586538461538461 0.027644230769230768 0.16826923076923078
0 0.13581730769230768 0.6670673076923077 0.04807692307692308 0.16947115384615385
0 0.22115384615384615 0.6418269230769231 0.04567307692307692 0.2091346153846154
0 0.2644230769230769 0.6550480769230769 0.04326923076923077 0.1935096153846154
0 0.29927884615384615 0.6550480769230769 0.036057692307692304 0.20673076923076922
0 0.33653846153846156 0.6706730769230769 0.038461538461538464 0.20192307692307693
0 0.36899038461538464 0.6694711538461539 0.051682692307692304 0.21033653846153846
0 0.4182692307692308 0.6694711538461539 0.037259615384615384 0.20432692307692307
